1607692171850 0.8852956430641555 0
1607692173792 0.5 0
1607692175452 0.6950781006796907 0
1607692176999 0.5 0
1607692178604 0.7381451002420327 0
1607692180983 0.8801694172487738 0
1607692182499 0.5 0
1607692184011 0.5 0
1607692186835 0.5 0
1607692189593 0.5 0
1607692191122 0.5 0
1607692193167 0.5 0
1607692195858 0.5 0
1607692199352 0.5 0
1607692203223 0.8951267771953825 0
1607692204739 0.5 0
1607692208575 0.8917731232116043 0
1607692211204 0.5 0
1607692213966 0.5 0
1607692218375 0.8975665475456117 0
1607692222851 0.8955027781511071 0
1607692226615 0.8876259127923606 0
1607692230943 0.898830212867142 0
1607692234680 0.8969257693186894 0
1607692237819 0.8812363949856582 0
1607692242111 0.8943788244808123 0
1607692244696 0.5 0
1607692248386 0.8995927541775642 0
1607692252679 0.8963628160814572 0
1607692255247 0.5 0
1607692257975 0.5 0
1607692312279 0.8858627890868109 0
1607692316593 0.9058329973361459 0
1607692320275 0.898423742422833 0
1607692321800 0.5 0
1607692323329 0.7381448705003658 0
1607692326466 0.894584270966511 0
1607692327929 0.5 0
1607692330494 0.5 0
1607692341620 0.5 0
1607692343208 0.5 0
1607692345795 0.5 0
1607692350072 0.9034562910735021 0
1607692351584 0.5 0
1607692353076 0.7381448705003658 0
1607692356768 0.9021876575884245 0
1607692359355 0.5 0
1607692360872 0.7381448705003658 0
1607692374656 0.8834568194793371 0
1607692378354 0.9051849248112964 0
1607692381074 0.5 0
1607692385411 0.908693309807787 0
1607692386901 0.6950781006796907 0
1607692388965 0.8816380982903774 0
1607692391550 0.5 0
1607692394107 0.5 0
1607692396686 0.5 0
1607692400380 0.9033763122556847 0
1607692401839 0.5 0
1607692409778 0.8836238129535245 0
1607692414182 0.9057893177017098 0
1607692418429 0.9030552769937849 0
1607692422669 0.9007148411968176 0
1607692426938 0.9067964764520539 0
1607692435197 0.5 0
1607692439461 0.9080995711871783 0
1607692443716 0.9080486259725243 0
1607692447986 0.9086227791160234 0
1607692451656 0.899512258440996 0
1607692454237 0.5 0
1607692458678 0.9079833219036857 0
1607692462991 0.9063927629077482 0
1607692467253 0.9079940048912005 0
1607692471514 0.9072343353516144 0
1607692475840 0.9017519812347025 0
1607692480042 0.907310207537134 0
1607692481502 0.5 0
1607692485734 0.8951154911359922 0
1607692488283 0.5 0
1607692489887 0.5 0
1607692493154 0.886129203267386 0
1607692494618 0.5 0
1607692498888 0.907468556981103 0
1607692501430 0.5 0
1607692505645 0.9004388065839367 0
1607692508492 0.5 0
1607692509950 0.5 0
1607692512498 0.5 0
1607692516732 0.8993642473720423 0
1607692519311 0.5 0
1607692524015 0.5 0
1607692528263 0.9027843541329947 0
1607692529728 0.5 0
1607692532288 0.5 0
1607692536510 0.8968100369539473 0
1607692539048 0.5 0
1607692540591 0.5 0
1607692544826 0.9062096013637468 0
1607692546281 0.5 0
1607692549358 0.8787549839582881 0
