1607690802368 0.5 0
1607690804123 0.5 0
1607690805748 0.5 0
1607690807337 0.5 0
1607690808875 0.5 0
1607690810395 0.5 0
1607690811999 0.6950781006796907 0
1607690813615 0.7389218281003924 0
1607690815110 0.5 0
1607690816621 0.5 0
1607690818106 0.5 0
1607690819618 0.5 0
1607690821105 0.5 0
1607690822594 0.5 0
1607690824171 0.7389268249816493 0
1607690825677 0.5 0
1607690827158 0.5 0
1607690828650 0.5 0
1607690830136 0.5 0
1607690831631 0.5 0
1607690833192 0.7389218281003924 0
1607690834753 0.7389218281003924 0
1607690836320 0.7389218281003924 0
1607690837857 0.7389218281003924 0
1607690839385 0.7389218281003924 0
1607690840931 0.738921483487892 0
1607690842454 0.7389218281003924 0
1607690843991 0.7389218281003924 0
1607690845594 0.7389218281003924 0
1607690847143 0.7389218281003924 0
1607690848674 0.6950781006796907 0
1607690850206 0.7389218281003924 0
1607690851781 0.7389218281003924 0
1607690853315 0.7389218281003924 0
1607690854871 0.7389268249816493 0
1607690856435 0.7389268249816493 0
1607690858010 0.7389268249816493 0
1607690859569 0.7389268249816493 0
1607690861103 0.7389268249816493 0
1607690862658 0.7389268249816493 0
1607690864181 0.6950781006796907 0
1607690865735 0.7389268249816493 0
1607690867223 0.5 0
1607690868694 0.5 0
1607690870233 0.5 0
1607690871811 0.7389268249816493 0
1607690873301 0.5 0
1607690874807 0.5 0
1607690876290 0.5 0
1607690877882 0.7389268249816493 0
1607690879365 0.5 0
1607690880948 0.7389268249816493 0
1607690882431 0.5 0
1607690883985 0.7389268249816493 0
1607690885449 0.5 0
1607690886909 0.5 0
1607690888472 0.7389268249816493 0
1607690889977 0.6950781006796907 0
1607690891436 0.5 0
1607690892981 0.7389268249816493 0
1607690894459 0.5 0
1607690895945 0.5 0
1607690897480 0.7389268249816493 0
1607690898961 0.5 0
1607690900525 0.7389268249816493 0
1607690902103 0.7389268249816493 0
1607690903645 0.7389268249816493 0
1607690905187 0.7389268249816493 0
1607690906729 0.7389268249816493 0
1607690908278 0.7389268249816493 0
1607690909823 0.7389268249816493 0
1607690911359 0.7389268249816493 0
1607690912895 0.7389268249816493 0
1607690914451 0.7389268249816493 0
1607690916000 0.7389268249816493 0
1607690917476 0.5 0
1607690919045 0.7389268249816493 0
1607690920526 0.6950781006796907 0
1607690921981 0.5 0
1607690923519 0.7389268249816493 0
1607690924983 0.5 0
1607690926533 0.7389268249816493 0
1607690928019 0.5 0
1607690929591 0.7389268249816493 0
1607690931045 0.5 0
1607690932586 0.7389268249816493 0
1607690934116 0.7389268249816493 0
1607690935589 0.5 0
1607690937076 0.5 0
1607690938638 0.7389268249816493 0
1607690940142 0.5 0
1607690941699 0.7389268249816493 0
1607690943191 0.7389268249816493 0
1607690944686 0.7389268249816493 0
1607690946185 0.7389268249816493 0
1607690947688 0.7389268249816493 0
1607690949193 0.7389268249816493 0
1607690950687 0.7389268249816493 0
1607690952187 0.7389268249816493 0
1607690953701 0.7389268249816493 0
