1607691664957 0.5 0
1607691667992 0.5 0
1607691672729 0.9093402910597186 0
1607691675423 0.5 0
1607691676943 0.5 0
1607691680714 0.8825763919760425 0
1607691682213 0.5 0
1607691683817 0.5 0
1607691685424 0.5 0
1607691688061 0.5 0
1607691690647 0.5 0
1607691693802 0.8879796000886803 0
1607691695301 0.5 0
1607691697961 0.5 0
1607691700689 0.5 0
1607691705797 0.5 0
1607691713552 0.8856634881907037 0
1607691715110 0.5 0
1607691718208 0.8767049990638027 0
1607691719676 0.5 0
1607691724017 0.9090974254000093 0
1607691728395 0.9081261637851309 0
