1602665566153 4.177199363708496 0
1602665569388 3.1055548191070557 0
1602665572541 2.9406754970550537 0
1602665575923 2.5307986736297607 0
1602665579336 2.5636701583862305 0
1602665582648 2.4014415740966797 0
1602665585847 2.3037776947021484 0
1602665589169 2.6113927364349365 0
1602665592448 2.515517234802246 0
1602665595665 2.2932522296905518 0
1602665599814 2.4913177490234375 0
1602665602997 2.535313844680786 0
1602665606164 2.348159074783325 0
1602665609305 2.4415595531463623 0
1602665612571 2.4130966663360596 0
1602665615921 2.332026481628418 0
1602665619050 2.452296733856201 0
1602665622233 2.407710075378418 0
1602665625359 2.34086537361145 0
1602665628638 2.2834317684173584 0
1602665632631 2.3924560546875 0
1602665635801 2.3588128089904785 0
1602665639148 2.4651145935058594 0
1602665642262 2.4361586570739746 0
1602665645376 2.520287275314331 0
1602665648562 2.520258665084839 0
1602665651702 2.3207571506500244 0
1602665654816 2.2985377311706543 0
1602665657952 2.390312433242798 0
1602665661004 2.5066840648651123 0
1602665665013 2.358863115310669 0
1602665668153 2.445793628692627 0
1602665671291 2.285146951675415 0
